INDEX,TimeStamp,VehicleModel,LocalX,LocalY,LocalZ,Yaw,Velocity,EngineRPM,SteeringAngle,AccelPedalRate,BrakePedalRate,YawRate,Pitch
13184.0,0.0,MOHAVE,-27.436896355155604,-717.5728228860711,0.0926999988079234,-109.32895000149009,0.0,0.0,-2.3306666666666676,0.0,0.19,0.004363265914384547,5.626449971688165
13185.0,0.049999999999954525,MOHAVE,-84.72724151611328,-6.781380653381348,0.39781439304351807,-174.3575897216797,1.0546449244783516e-07,0.0,-2.2107558250427246,0.0,0.026399817317724228,-6.363531978231853e-11,-0.46170926094055176
13186.0,0.09999999999990905,MOHAVE,-84.72724151611328,-6.781380653381348,0.397814005613327,-174.3575897216797,7.392207205864704e-05,0.0,-2.266444206237793,0.0,0.0,-2.096673112628767e-06,-0.461697518825531
13187.0,0.14999999999997726,MOHAVE,-84.72724914550781,-6.781381607055664,0.39781081676483154,-174.35760498046875,0.0003273187839012179,0.0,-2.302870273590088,0.0,0.0,-7.5892944102891865e-06,-0.46158847212791443
13188.0,0.1999999999999318,MOHAVE,-84.72727966308594,-6.781383991241455,0.397804856300354,-174.35763549804688,0.0010802969336509705,0.0,-2.309999942779541,0.0,0.0,-2.1917704833397786e-05,-0.4613755941390991
13189.0,0.25,MOHAVE,-84.72735595703125,-6.7813920974731445,0.3977941572666168,-174.3577423095703,0.0019059238386236958,0.0,-2.3333334922790527,0.0,0.0,-3.6731162508290405e-05,-0.46097326278686523
13190.0,0.2999999999999545,MOHAVE,-84.72750854492188,-6.781408309936523,0.39778104424476624,-174.35789489746094,0.00375586510118511,0.0,-2.3433332443237305,0.0,0.0,-6.917173258189816e-05,-0.46046826243400574
13191.0,0.34999999999990905,MOHAVE,-84.72775268554688,-6.781432628631592,0.39776530861854553,-174.358154296875,0.0064892518437570995,0.0,-2.3566665649414062,0.0,0.0,-0.0001159921656345184,-0.4598555564880371
13192.0,0.39999999999997726,MOHAVE,-84.72808837890625,-6.781467437744141,0.39774811267852783,-174.35850524902344,0.008884698359502686,0.0,-2.3644444942474365,0.0,0.0,-0.00015547899848309502,-0.4591842293739319
13193.0,0.4499999999999318,MOHAVE,-84.72863006591797,-6.781521320343018,0.397726446390152,-174.35903930664062,0.011795811975995699,0.0,-2.3644444942474365,0.0,0.0,-0.00020313464397645953,-0.4583331346511841
13194.0,0.5,MOHAVE,-84.72940063476562,-6.781599998474121,0.3977009356021881,-174.3597869873047,0.017266237280435033,0.0,-2.3691110610961914,0.035999998450279236,0.0,-0.0002917031992440383,-0.45734038949012756
13195.0,0.5499999999999545,MOHAVE,-84.73040008544922,-6.781699180603027,0.39767590165138245,-174.36074829101562,0.02357257530093193,0.0,-2.374967336654663,0.05000000074505806,0.0,-0.0003859274120607092,-0.4563432037830353
13196.0,0.599999999999909,MOHAVE,-84.73169708251953,-6.781828880310059,0.39766132831573486,-174.36195373535156,0.0277797132730484,0.0,-2.3827450275421143,0.046470556408166885,0.0,-0.0004450254988760964,-0.45569053292274475
13197.0,0.6499999999999773,MOHAVE,-84.73326110839844,-6.781983852386475,0.3976558446884155,-174.36337280273438,0.034085046499967575,0.0,-2.3955554962158203,0.0508333221077919,0.0,-0.00053607830035266,-0.4553993344306946
13198.0,0.6999999999999318,MOHAVE,-84.73509216308594,-6.78216552734375,0.3976544141769409,-174.36502075195312,0.038304043312867485,0.0,-2.416555643081665,0.07700007408857346,0.0,-0.000596297892676904,-0.45531877875328064
13199.0,0.75,MOHAVE,-84.73715209960938,-6.782369613647461,0.3976524770259857,-174.36688232421875,0.04484281357791688,0.0,-2.4285635948181152,0.12121952325105667,0.0,-0.0006993421361213486,-0.4552752375602722
13200.0,0.7999999999999545,MOHAVE,-84.73956298828125,-6.782609939575195,0.3976462483406067,-174.36904907226562,0.049486731489499405,0.0,-2.450000047683716,0.13999997079372406,0.0,-0.0007702116745347856,-0.4551052153110504
13201.0,0.849999999999909,MOHAVE,-84.74198913574219,-6.782851219177246,0.39763692021369934,-174.37124633789062,0.056484345760610365,0.0,-2.457777738571167,0.16799995303153992,0.002000047592446208,-0.0008812308370872565,-0.45480847358703613
13202.0,0.8999999999999773,MOHAVE,-84.74498748779297,-6.783146858215332,0.3976522982120514,-174.37393188476562,0.05914266738626692,0.0,-2.457777738571167,0.17199990153312683,0.008000095374882221,-0.0009115872324736069,-0.4552838206291199
13203.0,0.9499999999999318,MOHAVE,-84.7478256225586,-6.7834272384643555,0.3977104425430298,-174.37643432617188,0.06043701950046751,0.0,-2.457777738571167,0.18214285373687744,0.009999999776482582,-0.000925890930248287,-0.4572821855545044
13204.0,1.0,MOHAVE,-84.7513198852539,-6.783768653869629,0.39775538444519043,-174.3795166015625,0.06181481811735365,0.0,-2.457777738571167,0.1899999976158142,0.009999999776482582,-0.0009546263473842281,-0.4591505527496338
13205.0,1.0499999999999545,MOHAVE,-84.7545394897461,-6.784085273742676,0.3977561593055725,-174.38241577148438,0.06375881118906869,0.0,-2.457777738571167,0.20571427047252655,0.01571427658200264,-0.0009902626416836884,-0.4595050811767578
13206.0,1.099999999999909,MOHAVE,-84.75769805908203,-6.784395217895508,0.39776644110679626,-174.38523864746094,0.06523465116818745,0.0,-2.4593334197998047,0.20999999344348907,0.01200009509921074,-0.0010280354465646915,-0.4600181579589844
13207.0,1.1499999999999773,MOHAVE,-84.76112365722656,-6.784733772277832,0.3977176249027252,-174.38839721679688,0.07212178574668036,0.0,-2.465555429458618,0.21000005304813385,0.010000059381127357,-0.0011664216451910479,-0.4584348201751709
13208.0,1.1999999999999318,MOHAVE,-84.76471710205078,-6.785088539123535,0.3976615071296692,-174.39175415039062,0.07632407049338023,0.0,-2.465555429458618,0.2199999988079071,0.019999999552965164,-0.0012308870484021037,-0.45628854632377625
13209.0,1.25,MOHAVE,-84.76908111572266,-6.785518169403076,0.39767003059387207,-174.39581298828125,0.08152157068252563,0.0,-2.4733331203460693,0.23000000417232513,0.019999999552965164,-0.0013262849116298346,-0.4561188519001007
13210.0,1.2999999999999545,MOHAVE,-84.77297973632812,-6.785902500152588,0.39764612913131714,-174.39950561523438,0.0874684171544181,0.0,-2.4997777938842773,0.23000000417232513,0.019999999552965164,-0.0014438958530103207,-0.4551324248313904
13211.0,1.349999999999909,MOHAVE,-84.77784729003906,-6.786382675170898,0.39757388830184937,-174.4042205810547,0.1004306889242596,0.0,-2.5122220516204834,0.23000000417232513,0.019999999552965164,-0.0016978709151387094,-0.45252251625061035
13212.0,1.3999999999999773,MOHAVE,-84.78341674804688,-6.786931991577148,0.397475004196167,-174.40966796875,0.11837776336405012,0.0,-2.5122220516204834,0.23000000417232513,0.019999999552965164,-0.002018885726186176,-0.44884780049324036
13213.0,1.4499999999999318,MOHAVE,-84.7894287109375,-6.787525177001953,0.3973740041255951,-174.4155731201172,0.13308972948127323,0.0,-2.5122220516204834,0.23000000417232513,0.019999999552965164,-0.002268270216400406,-0.44492459297180176
13214.0,1.5,MOHAVE,-84.79662322998047,-6.788236141204834,0.39726904034614563,-174.42263793945312,0.1590927607483334,0.0,-2.5044443607330322,0.23000000417232513,0.019999999552965164,-0.0026913294801676553,-0.44072017073631287
13215.0,1.5499999999999545,MOHAVE,-84.80511474609375,-6.789071083068848,0.39716798067092896,-174.43084716796875,0.17887640330526564,0.0,-2.496666669845581,0.23000000417232513,0.019999999552965164,-0.0030078620402574103,-0.436599999666214
13216.0,1.599999999999909,MOHAVE,-84.81494903564453,-6.790037155151367,0.39707332849502563,-174.44033813476562,0.21184376544422573,0.0,-2.4944443702697754,0.23000000417232513,0.019999999552965164,-0.003514047560217685,-0.43273496627807617
13217.0,1.6499999999999773,MOHAVE,-84.82660675048828,-6.7911787033081055,0.396989107131958,-174.45143127441406,0.23525342345237732,0.0,-2.48888897895813,0.23000000417232513,0.021666692569851875,-0.0038742783285767067,-0.42929401993751526
13218.0,1.6999999999999318,MOHAVE,-84.83844757080078,-6.792335510253906,0.3969336450099945,-174.46258544921875,0.27263426118426853,0.0,-2.4811112880706787,0.23000000417232513,0.019999999552965164,-0.0044459060909135,-0.4269983172416687
13219.0,1.75,MOHAVE,-84.85294342041016,-6.793747425079346,0.3968657851219177,-174.4761505126953,0.29915713601642185,0.0,-2.4811112880706787,0.23000000417232513,0.021555578336119652,-0.004831737795622534,-0.4244026839733124
13220.0,1.7999999999999545,MOHAVE,-84.8699951171875,-6.795402526855469,0.39680635929107666,-174.49192810058594,0.3409427073266771,0.0,-2.4811112880706787,0.23000000417232513,0.019999999552965164,-0.005461147831235641,-0.42213788628578186
13221.0,1.849999999999909,MOHAVE,-84.88638305664062,-6.796989440917969,0.3967750370502472,-174.50697326660156,0.36704040235943264,0.0,-2.4733331203460693,0.23000000417232513,0.029999999329447746,-0.005831913430285662,-0.4208548069000244
13222.0,1.8999999999999773,MOHAVE,-84.90648651123047,-6.798925876617432,0.39682987332344055,-174.52523803710938,0.40302909082836574,0.0,-2.4733331203460693,0.23000000417232513,0.029999999329447746,-0.0063351660920806215,-0.4225802421569824
13223.0,1.9499999999999318,MOHAVE,-84.92762756347656,-6.8009562492370605,0.39686280488967896,-174.54432678222656,0.42770865890714854,0.0,-2.465555429458618,0.23000000417232513,0.029999999329447746,-0.006703285694946028,-0.42398932576179504
13224.0,2.0,MOHAVE,-84.95098876953125,-6.803190231323242,0.39686065912246704,-174.56529235839844,0.4655369453959995,0.0,-2.460111141204834,0.23000000417232513,0.029999999329447746,-0.007246924778553119,-0.42432889342308044
13225.0,2.0499999999999545,MOHAVE,-84.97535705566406,-6.805512428283691,0.39684370160102844,-174.5870361328125,0.5041295621130202,0.0,-2.457777738571167,0.23000000417232513,0.029999999329447746,-0.007792125868557379,-0.4239993691444397
13226.0,2.099999999999909,MOHAVE,-84.99894714355469,-6.80775260925293,0.39682716131210327,-174.60800170898438,0.5301903353797065,0.0,-2.457777738571167,0.23000000417232513,0.029999999329447746,-0.008175100396729734,-0.4234640896320343
13227.0,2.1499999999999773,MOHAVE,-85.0264663696289,-6.810354709625244,0.3968125283718109,-174.6324005126953,0.5564593606524997,0.0,-2.450000047683716,0.22886790335178375,0.029999999329447746,-0.008555822161097178,-0.42285099625587463
13228.0,2.199999999999932,MOHAVE,-85.05238342285156,-6.812793254852295,0.39680352807044983,-174.65524291992188,0.5960730049345229,0.0,-2.450000047683716,0.22187507152557373,0.029999999329447746,-0.009109052265669108,-0.42238885164260864
13229.0,2.25,MOHAVE,-85.08610534667969,-6.815951347351074,0.396799236536026,-174.68487548828125,0.6223999791675143,0.0,-2.450000047683716,0.22899992763996124,0.029999999329447746,-0.009486377459349401,-0.4220651090145111
13230.0,2.2999999999999545,MOHAVE,-85.11965942382812,-6.819076061248779,0.39679789543151855,-174.71424865722656,0.662029054429796,0.0,-2.450000047683716,0.2199999988079071,0.029999999329447746,-0.010063197345514547,-0.4219262897968292
13231.0,2.349999999999909,MOHAVE,-85.15396881103516,-6.822254180908203,0.3967987298965454,-174.74423217773438,0.7013096412022909,0.0,-2.4422223567962646,0.2199999988079071,0.029999999329447746,-0.01059820560256545,-0.4219295382499695
13232.0,2.3999999999999773,MOHAVE,-85.19065856933594,-6.825630187988281,0.3968043625354767,-174.77606201171875,0.7272644175423516,0.0,-2.4422223567962646,0.2199999988079071,0.029999999329447746,-0.010952466364789436,-0.4221426248550415
13233.0,2.449999999999932,MOHAVE,-85.2287826538086,-6.829118728637695,0.3968111574649811,-174.80905151367188,0.7659356461630927,0.0,-2.4200854301452637,0.2199999988079071,0.029999999329447746,-0.01144327342982613,-0.42243510484695435
13234.0,2.5,MOHAVE,-85.2652587890625,-6.83243465423584,0.3968167304992676,-174.84033203125,0.791579352484809,0.0,-2.3450000286102295,0.2199999988079071,0.029999999329447746,-0.011774617482810524,-0.42269352078437805
13235.0,2.5499999999999545,MOHAVE,-85.30751037597656,-6.836245059967041,0.396821528673172,-174.87567138671875,0.8298983838823106,0.0,-2.2530665397644043,0.2199999988079071,0.029999999329447746,-0.011645164967292053,-0.42293068766593933
13236.0,2.599999999999909,MOHAVE,-85.35183715820312,-6.840209007263184,0.3968254625797272,-174.91111755371094,0.8553318844901191,0.0,-2.202083110809326,0.2199999988079071,0.029999999329447746,-0.01182411794927507,-0.42311516404151917
13237.0,2.6499999999999773,MOHAVE,-85.39613342285156,-6.844148635864258,0.3968290686607361,-174.94569396972656,0.8933371305465698,0.0,-1.9950003623962402,0.2199999988079071,0.029999999329447746,-0.012047140005515091,-0.42326125502586365
13238.0,2.699999999999932,MOHAVE,-85.43791198730469,-6.847832679748535,0.39683207869529724,-174.97640991210938,0.9185769822862413,0.0,-1.7674999237060547,0.20999999344348907,0.029999999329447746,-0.011337253611008456,-0.4233741760253906
13239.0,2.75,MOHAVE,-85.4875259399414,-6.8521575927734375,0.39684048295021057,-175.00811767578125,0.9557284911473591,0.0,-1.5399999618530273,0.20999999344348907,0.029999999329447746,-0.009480687033113958,-0.42366349697113037
13240.0,2.7999999999999545,MOHAVE,-85.53243255615234,-6.856048583984375,0.3968530297279358,-175.032958984375,0.9800353315141466,0.0,-1.442423701286316,0.20999999344348907,0.029999999329447746,-0.009244511457802466,-0.42411091923713684
13241.0,2.849999999999909,MOHAVE,-85.58528900146484,-6.860621452331543,0.3968683183193207,-175.05966186523438,1.0160483916600545,0.0,-1.057222843170166,0.20999999344348907,0.029999999329447746,-0.00738808688048953,-0.42469337582588196
13242.0,2.8999999999999773,MOHAVE,-85.63825225830078,-6.865159034729004,0.396880567073822,-175.08033752441406,1.0397887229919434,0.0,-0.5833333730697632,0.20999999344348907,0.029999999329447746,-0.006790187970266676,-0.4251992404460907
13243.0,2.949999999999932,MOHAVE,-85.6929702758789,-6.869810581207275,0.39688992500305176,-175.09353637695312,1.0751186476813421,0.0,-0.17888925969600677,0.20999999344348907,0.029999999329447746,-0.003932645509010401,-0.42560940980911255
13244.0,3.0,MOHAVE,-85.74835968017578,-6.874509811401367,0.3968975841999054,-175.1000213623047,1.110129952430725,0.0,0.06844355165958405,0.20999999344348907,0.029999999329447746,-0.0002578897171259903,-0.4259370267391205
13245.0,3.0499999999999545,MOHAVE,-85.79997253417969,-6.878892421722412,0.39690327644348145,-175.0999298095703,1.1333331796858046,0.0,0.591111421585083,0.20999999344348907,0.029999999329447746,0.00035483074761695894,-0.42617267370224
13246.0,3.099999999999909,MOHAVE,-85.85798645019531,-6.883813858032227,0.39688146114349365,-175.09266662597656,1.1594349808163114,0.0,0.9422232508659363,0.20999999344348907,0.019999999552965164,0.003686836000470413,-0.42550310492515564
13247.0,3.1499999999999773,MOHAVE,-85.91252136230469,-6.888431549072266,0.3967938721179962,-175.07672119140625,1.2027109993828666,0.0,1.2401585578918457,0.21040815114974976,0.019999999552965164,0.0067190409975668285,-0.42245960235595703
13248.0,3.199999999999932,MOHAVE,-85.98107147216797,-6.894292831420898,0.3967241048812866,-175.05047607421875,1.2458860874176025,0.0,1.3543062210083008,0.2199999988079071,0.019999999552965164,0.009792586889248871,-0.4195655584335327
13249.0,3.25,MOHAVE,-86.04076385498047,-6.899444580078125,0.39671212434768677,-175.02304077148438,1.272156106101142,0.0,1.6133332252502441,0.2199999988079071,0.029285695403814316,0.010339586653286235,-0.41863521933555603
13250.0,3.2999999999999545,MOHAVE,-86.10709381103516,-6.905202865600586,0.39676469564437866,-174.9884033203125,1.3133308622572157,0.0,1.8200000524520874,0.2199999988079071,0.019999999552965164,0.013786008387092997,-0.42012399435043335
13251.0,3.349999999999909,MOHAVE,-86.17752075195312,-6.911348342895508,0.3967295289039612,-174.94488525390625,1.3427637683020697,0.0,1.937185287475586,0.2199999988079071,0.019999999552965164,0.014695055538650928,-0.4191064238548279
13252.0,3.3999999999999773,MOHAVE,-86.24867248535156,-6.917625427246094,0.3966926038265228,-174.89794921875,1.3869610097673204,0.0,1.9502779245376587,0.2199999988079071,0.019999999552965164,0.016256146474195734,-0.4179152548313141
13253.0,3.449999999999932,MOHAVE,-86.31893920898438,-6.923900604248047,0.39667370915412903,-174.8504638671875,1.416474978129069,0.0,1.959999918937683,0.2199999988079071,0.019999999552965164,0.016666257677608425,-0.4172077476978302
13254.0,3.5,MOHAVE,-86.3836669921875,-6.929738998413086,0.39666932821273804,-174.80654907226562,1.457677682240804,0.0,1.9677776098251343,0.2199999988079071,0.029999904334545135,0.017197931781810224,-0.41696491837501526
13255.0,3.5499999999999545,MOHAVE,-86.45767974853516,-6.936476707458496,0.39676231145858765,-174.7562255859375,1.4812415175967746,0.0,2.018632411956787,0.2199999988079071,0.029999999329447746,0.01754339266916664,-0.42004168033599854
13256.0,3.599999999999909,MOHAVE,-86.5331039428711,-6.943397045135498,0.39684370160102844,-174.70394897460938,1.5165991253323026,0.0,2.0351855754852295,0.2199999988079071,0.029999999329447746,0.018498633182069835,-0.42317894101142883
13257.0,3.6499999999999773,MOHAVE,-86.61583709716797,-6.9510650634765625,0.3968804180622101,-174.64576721191406,1.5401975313822427,0.0,2.190000057220459,0.2199999988079071,0.029999999329447746,0.018849847953797044,-0.4250606596469879
13258.0,3.699999999999932,MOHAVE,-86.69525146484375,-6.958484649658203,0.39688876271247864,-174.58663940429688,1.5754813618130155,0.0,2.3955559730529785,0.2199999988079071,0.029999999329447746,0.020676865927159272,-0.42578715085983276
13259.0,3.75,MOHAVE,-86.77511596679688,-6.966013431549072,0.39688995480537415,-174.52285766601562,1.5989302264319525,0.0,2.644443988800049,0.2199999988079071,0.029999999329447746,0.022792171088522575,-0.4260111451148987
13260.0,3.7999999999999545,MOHAVE,-86.85835266113281,-6.973933219909668,0.3968857526779175,-174.44839477539062,1.6352287928263345,0.0,2.7436113357543945,0.2199999988079071,0.025833306834101677,0.02588313987939862,-0.4258531630039215
13261.0,3.849999999999909,MOHAVE,-86.93325805664062,-6.981176853179932,0.39683717489242554,-174.37843322753906,1.6628102461496987,0.0,2.986666679382324,0.2199999988079071,0.019999999552965164,0.027302771187978983,-0.4241179823875427
13262.0,3.8999999999999773,MOHAVE,-87.02737426757812,-6.9903974533081055,0.39674413204193115,-174.28314208984375,1.7064568731519911,0.0,3.2511112689971924,0.2199999988079071,0.019999999552965164,0.03054962852938174,-0.4205458462238312
13263.0,3.949999999999932,MOHAVE,-87.1124038696289,-6.998854637145996,0.39670154452323914,-174.190185546875,1.7496971289316812,0.0,3.423459529876709,0.2199999988079071,0.019999999552965164,0.03526906207019239,-0.4185000956058502
13264.0,4.0,MOHAVE,-87.20211791992188,-7.007933616638184,0.39669114351272583,-174.08499145507812,1.778574784596761,0.0,3.5084264278411865,0.2199999988079071,0.019999999552965164,0.036521804724587256,-0.41764065623283386
13265.0,4.0499999999999545,MOHAVE,-87.29267883300781,-7.017293930053711,0.39669233560562134,-173.97573852539062,1.8215620517730713,0.0,3.6888887882232666,0.2199999988079071,0.019999999552965164,0.03963679189954446,-0.41745439171791077
13266.0,4.099999999999909,MOHAVE,-87.37883758544922,-7.02635383605957,0.39669662714004517,-173.86680603027344,1.850215858883328,0.0,3.839444875717163,0.2199999988079071,0.019999999552965164,0.040889022727667326,-0.4176119267940521
13267.0,4.149999999999977,MOHAVE,-87.47587585449219,-7.036750316619873,0.39670053124427795,-173.73971557617188,1.8928209940592446,0.0,3.961383581161499,0.2199999988079071,0.019999999552965164,0.04445933138643321,-0.41789454221725464
13268.0,4.199999999999932,MOHAVE,-87.5738296508789,-7.04746675491333,0.3967033326625824,-173.60629272460938,1.9212855233086479,0.0,4.044444561004639,0.2199999988079071,0.019999999552965164,0.04561846808970099,-0.41817301511764526
13269.0,4.25,MOHAVE,-87.67322540283203,-7.058587074279785,0.39674389362335205,-173.4677734375,1.9582288795047336,0.0,4.188333511352539,0.2199999988079071,0.028999976813793182,0.0485496680211183,-0.4196462333202362
13270.0,4.2999999999999545,MOHAVE,-87.77311706542969,-7.069997787475586,0.39681276679039,-173.3238983154297,1.983964443206787,0.0,4.381049156188965,0.2199999988079071,0.019999999552965164,0.04976653706339196,-0.422267884016037
13271.0,4.349999999999909,MOHAVE,-87.8642807006836,-7.08061408996582,0.39678263664245605,-173.1873779296875,2.0260614818996854,0.0,4.529907703399658,0.2199999988079071,0.019999999552965164,0.05316051532967018,-0.42164111137390137
13272.0,4.399999999999977,MOHAVE,-87.96884155273438,-7.093071937561035,0.39676421880722046,-173.0262451171875,2.051055828730265,0.0,4.690000057220459,0.2199999988079071,0.029999999329447746,0.055487597973749025,-0.42105230689048767
13273.0,4.449999999999932,MOHAVE,-88.07156372070312,-7.105586528778076,0.3968462347984314,-172.8612060546875,2.0838803715176053,0.0,4.823194980621338,0.2199999988079071,0.029999999329447746,0.05958408068488732,-0.42370113730430603
13274.0,4.5,MOHAVE,-88.17991638183594,-7.119118690490723,0.3968890905380249,-172.68118286132812,2.1090600225660534,0.0,5.1566667556762695,0.2199999988079071,0.019999999552965164,0.060950373870260435,-0.4254193902015686
13275.0,4.5499999999999545,MOHAVE,-88.28895568847656,-7.133052825927734,0.39682072401046753,-172.489501953125,2.15039054552714,0.0,5.397777557373047,0.20999999344348907,0.019999999552965164,0.06635767279231414,-0.4233814477920532
13276.0,4.599999999999909,MOHAVE,-88.39891052246094,-7.147470951080322,0.3967711627483368,-172.2877197265625,2.17752734820048,0.0,5.397777557373047,0.20999999344348907,0.019999999552965164,0.07011540557398355,-0.4215135872364044
13277.0,4.649999999999977,MOHAVE,-88.50137329101562,-7.161312580108643,0.39676013588905334,-172.09622192382812,2.2177247206370034,0.0,5.73870325088501,0.20999999344348907,0.019999999552965164,0.0717701690396827,-0.42078033089637756
13278.0,4.699999999999932,MOHAVE,-88.61659240722656,-7.177256107330322,0.3967738151550293,-171.87289428710938,2.243869834476047,0.0,6.121111869812012,0.20999999344348907,0.019999999552965164,0.07665905868841724,-0.4209272861480713
13279.0,4.75,MOHAVE,-88.73441314697266,-7.193968296051025,0.3967980444431305,-171.6264190673828,2.282282246483697,0.0,6.407058238983154,0.21352939307689667,0.019999999552965164,0.08349508527864961,-0.42168188095092773
13280.0,4.7999999999999545,MOHAVE,-88.84114837646484,-7.209562301635742,0.39681193232536316,-171.39332580566406,2.3079159524705672,0.0,6.566900253295898,0.2199999988079071,0.019999999552965164,0.08817165440947759,-0.42226865887641907
13281.0,4.849999999999909,MOHAVE,-88.96342468261719,-7.2280120849609375,0.39681336283683777,-171.11614990234375,2.346830897861057,0.0,6.833006381988525,0.2199999988079071,0.019999999552965164,0.09232925666763321,-0.422520250082016
13282.0,4.899999999999977,MOHAVE,-89.07952880859375,-7.246082305908203,0.39677903056144714,-170.8441162109375,2.390926414065891,0.0,7.0933332443237305,0.20000000298023224,0.009999999776482582,0.10037682181676987,-0.4215379059314728
13283.0,4.949999999999932,MOHAVE,-89.2031478881836,-7.265931606292725,0.3966909348964691,-170.5409393310547,2.4219828181796603,0.0,7.317592620849609,0.17166665196418762,0.009999999776482582,0.10292497595964972,-0.418445348739624
13284.0,5.0,MOHAVE,-89.32489013671875,-7.286136627197266,0.3966357111930847,-170.23358154296875,2.4701176749335394,0.0,7.427000522613525,0.1599999964237213,0.0,0.10941646440623148,-0.41614967584609985
13285.0,5.0499999999999545,MOHAVE,-89.45158386230469,-7.307900905609131,0.39658594131469727,-169.9063720703125,2.502663665347629,0.0,7.660624980926514,0.15000000596046448,0.0,0.11143003889454836,-0.4139288067817688
13286.0,5.099999999999909,MOHAVE,-89.58000183105469,-7.330704689025879,0.3966042399406433,-169.56529235839844,2.547521061367459,0.0,7.884444713592529,0.1599999964237213,0.0,0.11906518858175104,-0.4140858054161072
13287.0,5.149999999999977,MOHAVE,-89.69487762451172,-7.351748466491699,0.39666301012039185,-169.25079345703125,2.574267122480604,0.0,8.151110649108887,0.1599999964237213,0.009999999776482582,0.12141114221886662,-0.4159665107727051
13288.0,5.199999999999932,MOHAVE,-89.82546997070312,-7.376453399658203,0.39679908752441406,-168.88336181640625,2.6101801130506725,0.0,8.199722290039062,0.1599999964237213,0.003749958937987685,0.1272665845733534,-0.4209040701389313
13289.0,5.25,MOHAVE,-89.96116638183594,-7.4030914306640625,0.3968498408794403,-168.49557495117188,2.6350206798977323,0.0,8.539999961853027,0.17000000178813934,0.009999999776482582,0.12929815204378511,-0.423525333404541
13290.0,5.2999999999999545,MOHAVE,-90.0955581665039,-7.430368900299072,0.39692559838294983,-168.09786987304688,2.6645202106899686,0.0,8.786295890808105,0.1716666966676712,0.021666692569851875,0.13601027506430155,-0.42681044340133667
13291.0,5.349999999999909,MOHAVE,-90.21708679199219,-7.4558610916137695,0.39708054065704346,-167.7285614013672,2.6775566736857095,0.0,9.115555763244629,0.18000000715255737,0.029999999329447746,0.14033600601102522,-0.4325784146785736
13292.0,5.399999999999977,MOHAVE,-90.3497085571289,-7.484579086303711,0.3972693681716919,-167.30885314941406,2.6933807796902127,0.0,9.221110343933105,0.18857143819332123,0.029999999329447746,0.14800025073313702,-0.43986350297927856
13293.0,5.449999999999932,MOHAVE,-90.48295593261719,-7.514509677886963,0.39737316966056824,-166.87762451171875,2.7031453450520835,0.0,9.481111526489258,0.1899999976158142,0.03999999910593033,0.14923108056518758,-0.44448062777519226
13294.0,5.5,MOHAVE,-90.60262298583984,-7.54228401184082,0.39747536182403564,-166.4811248779297,2.7111448182000055,0.0,9.765971183776855,0.20562496781349182,0.04562496766448021,0.15388305706782437,-0.4487100839614868
13295.0,5.5499999999999545,MOHAVE,-90.7579116821289,-7.579640865325928,0.39766478538513184,-165.95339965820312,2.7089794476826987,0.0,10.065999984741211,0.2199999988079071,0.07000000029802322,0.15788310838036657,-0.4557875394821167
13296.0,5.599999999999909,MOHAVE,-90.89126586914062,-7.61292839050293,0.3979339301586151,-165.48141479492188,2.696505652533637,0.0,10.119861602783203,0.228750079870224,0.07000000029802322,0.1625571558305374,-0.4657321870326996
13297.0,5.649999999999977,MOHAVE,-91.0103759765625,-7.643686294555664,0.3980880081653595,-165.0548095703125,2.685363292694092,0.0,10.321110725402832,0.2442857176065445,0.09000000357627869,0.16278279215389435,-0.47208741307258606
13298.0,5.699999999999932,MOHAVE,-91.0841064453125,-7.663214683532715,0.3982083797454834,-164.78646850585938,2.6692416932847762,0.0,10.321110725402832,0.2442857176065445,0.09000000357627869,0.164888819943929,-0.4768208861351013
13299.0,5.75,MOHAVE,-91.25489807128906,-7.709911346435547,0.39844006299972534,-164.15904235839844,2.637297577328152,0.0,10.710000038146973,0.2800000011920929,0.11999999731779099,0.1631534043090925,-0.48616823554039
13300.0,5.7999999999999545,MOHAVE,-91.41627502441406,-7.755831241607666,0.39872682094573975,-163.54771423339844,2.597463925679525,0.0,10.744998931884766,0.2800000011920929,0.11999999731779099,0.1668261864131776,-0.49731647968292236
13301.0,5.849999999999909,MOHAVE,-91.47756958007812,-7.773766994476318,0.3987652361392975,-163.31236267089844,2.573464446597629,0.0,10.939444541931152,0.30125007033348083,0.12999999523162842,0.16575018610900152,-0.49926677346229553
13302.0,5.899999999999977,MOHAVE,-91.62773132324219,-7.818934440612793,0.39880871772766113,-162.73028564453125,2.533245881398519,0.0,11.013333320617676,0.31000006198883057,0.1300000548362732,0.1664495155664995,-0.5016533732414246
13303.0,5.949999999999932,MOHAVE,-91.70830535888672,-7.843846797943115,0.39881694316864014,-162.41192626953125,2.521525753868951,0.0,11.013333320617676,0.31000006198883057,0.1300000548362732,0.16676212074420438,-0.5020802617073059
13304.0,6.0,MOHAVE,-91.89157104492188,-7.902417182922363,0.3989206552505493,-161.681396484375,2.460933791266547,0.0,10.99000072479248,0.33000001311302185,0.15000000596046448,0.16304885859155008,-0.5052149295806885
13305.0,6.0499999999999545,MOHAVE,-92.01078796386719,-7.941943168640137,0.3989547789096832,-161.20449829101562,2.4208230442470975,0.0,10.960833549499512,0.33000001311302185,0.1424999088048935,0.16029904489750238,-0.5064606666564941
13306.0,6.099999999999909,MOHAVE,-92.12726593017578,-7.981644630432129,0.39885780215263367,-160.73782348632812,2.398403220706516,0.0,10.924949645996094,0.33000001311302185,0.14000000059604645,0.15871141805840847,-0.5032429695129395
13307.0,6.149999999999977,MOHAVE,-92.24198913574219,-8.021784782409668,0.39875534176826477,-160.278076171875,2.36305660671658,0.0,10.876358032226562,0.3238888680934906,0.15000000596046448,0.15588475552215517,-0.4993053078651428
13308.0,6.199999999999932,MOHAVE,-92.34693908691406,-8.05942153930664,0.39875882863998413,-159.85784912109375,2.3395742310418024,0.0,10.85777759552002,0.3199999928474426,0.14000000059604645,0.15369232479950426,-0.49872440099716187
13309.0,6.25,MOHAVE,-92.45784759521484,-8.100143432617188,0.3987143635749817,-159.41387939453125,2.3074841499328613,0.0,10.7877779006958,0.3199999928474426,0.14000000059604645,0.1506715511092978,-0.49680769443511963
13310.0,6.2999999999999545,MOHAVE,-92.56863403320312,-8.141817092895508,0.39867743849754333,-158.9716796875,2.2865046395195856,0.0,10.70888900756836,0.3199999928474426,0.14000000059604645,0.1489655800492635,-0.4952368438243866
13311.0,6.349999999999909,MOHAVE,-92.67805480957031,-8.183950424194336,0.39866143465042114,-158.53659057617188,2.2541168000962997,0.0,10.66333293914795,0.3199999928474426,0.14000000059604645,0.14576139778373465,-0.4944930672645569
13312.0,6.399999999999977,MOHAVE,-92.77610778808594,-8.222521781921387,0.39865776896476746,-158.14718627929688,2.2329081429375544,0.0,10.630926132202148,0.3199999928474426,0.14000000059604645,0.14378568179478893,-0.4943183958530426
13313.0,6.449999999999932,MOHAVE,-92.88114929199219,-8.26469612121582,0.398656964302063,-157.73062133789062,2.2003042697906494,0.0,10.591388702392578,0.3199999928474426,0.14000000059604645,0.14123014570226253,-0.4943530857563019
13314.0,6.5,MOHAVE,-92.98497009277344,-8.307252883911133,0.3986316919326782,-157.31878662109375,2.1821407477060952,0.0,10.569999694824219,0.3100000023841858,0.12999999523162842,0.13968815878634983,-0.49364957213401794
13315.0,6.5499999999999545,MOHAVE,-93.09210205078125,-8.352088928222656,0.39852026104927063,-156.89353942871094,2.1604418754577637,0.0,10.530634880065918,0.3100000023841858,0.11999999731779099,0.1380704215821812,-0.48987889289855957
13316.0,6.599999999999909,MOHAVE,-93.18373107910156,-8.391167640686035,0.3983851969242096,-156.52957153320312,2.1496633688608804,0.0,10.523333549499512,0.3100000023841858,0.11999999731779099,0.1369261278408014,-0.4849157929420471
13317.0,6.649999999999977,MOHAVE,-93.27467346191406,-8.430643081665039,0.39830026030540466,-156.16802978515625,2.1355080604553223,0.0,10.49080753326416,0.30000001192092896,0.108181893825531,0.13598810424822663,-0.48125267028808594
13318.0,6.699999999999932,MOHAVE,-93.38668823242188,-8.480188369750977,0.39808499813079834,-155.72164916992188,2.1375203132629395,0.0,10.441926002502441,0.28999999165534973,0.08533332496881485,0.13593328474166305,-0.4731125831604004
13319.0,6.75,MOHAVE,-93.48904418945312,-8.526391983032227,0.3977673053741455,-155.3138427734375,2.1516582700941296,0.0,10.398889541625977,0.2800000011920929,0.07000000029802322,0.13632191484611125,-0.46113330125808716
13320.0,6.7999999999999545,MOHAVE,-93.580810546875,-8.568520545959473,0.39749130606651306,-154.9482879638672,2.167469925350613,0.0,10.378796577453613,0.27416664361953735,0.06416665762662888,0.13679886203020925,-0.4501745104789734
13321.0,6.849999999999909,MOHAVE,-93.68212890625,-8.615889549255371,0.3973098695278168,-154.5447998046875,2.1917895476023355,0.0,10.334722518920898,0.27000001072883606,0.05999999865889549,0.1378857396829626,-0.4420032203197479
13322.0,6.899999999999977,MOHAVE,-93.7794189453125,-8.662161827087402,0.39720234274864197,-154.15760803222656,2.2117830647362604,0.0,10.282221794128418,0.27000001072883606,0.05000000074505806,0.13857936831125214,-0.436929851770401
13323.0,6.949999999999932,MOHAVE,-93.88648986816406,-8.7140531539917,0.39707183837890625,-153.73240661621094,2.247105439503988,0.0,10.25804328918457,0.25999999046325684,0.038913048803806305,0.14005202981503873,-0.4317081570625305
13324.0,7.0,MOHAVE,-93.98471069335938,-8.762470245361328,0.3969067633152008,-153.3419952392578,2.291720708211263,0.0,10.245277404785156,0.25999999046325684,0.029999999329447746,0.14241217310733736,-0.42575737833976746
13325.0,7.0499999999999545,MOHAVE,-94.09425354003906,-8.81746768951416,0.39674994349479675,-152.90585327148438,2.32271671295166,0.0,10.149999618530273,0.2525000274181366,0.029999999329447746,0.14415050157461617,-0.41989409923553467
13326.0,7.099999999999909,MOHAVE,-94.20159149169922,-8.872389793395996,0.39669716358184814,-152.48080444335938,2.367165618472629,0.0,9.972408294677734,0.25,0.029999999329447746,0.14371554078957896,-0.4175117611885071
13327.0,7.149999999999977,MOHAVE,-94.30699920654297,-8.927339553833008,0.39672744274139404,-152.0690155029297,2.3931664890713162,0.0,9.763398170471191,0.25,0.03999999910593033,0.14427204158886464,-0.41823336482048035
13328.0,7.199999999999932,MOHAVE,-94.37335205078125,-8.962445259094238,0.39680179953575134,-151.81329345703125,2.415572007497152,0.0,9.698888778686523,0.25,0.03999999910593033,0.14268100257462407,-0.42080652713775635
13329.0,7.25,MOHAVE,-94.5081558227539,-9.034891128540039,0.3969314396381378,-151.29751586914062,2.4485301971435547,0.0,9.485777854919434,0.25,0.03999999910593033,0.14338124749374678,-0.4261054992675781
13330.0,7.2999999999999545,MOHAVE,-94.58003234863281,-9.07414436340332,0.3969651758670807,-151.02572631835938,2.470328542921278,0.0,9.485777854919434,0.25,0.03999999910593033,0.14169202105906634,-0.4279281795024872
13331.0,7.349999999999909,MOHAVE,-94.73756408691406,-9.161735534667969,0.39699414372444153,-150.43617248535156,2.5030570560031467,0.0,9.199166297912598,0.23999999463558197,0.03374996408820152,0.1412798136565925,-0.43002545833587646
13332.0,7.399999999999977,MOHAVE,-94.8346939086914,-9.21679401397705,0.3969465494155884,-150.077880859375,2.5291456116570368,0.0,9.140443801879883,0.23000000417232513,0.029999999329447746,0.14088932766175963,-0.42875081300735474
13333.0,7.449999999999932,MOHAVE,-94.90818786621094,-9.259014129638672,0.3968956470489502,-149.80960083007812,2.554850048489041,0.0,9.140443801879883,0.23000000417232513,0.029999999329447746,0.140865975067951,-0.42694616317749023
13334.0,7.5,MOHAVE,-94.98228454589844,-9.301993370056152,0.39685148000717163,-149.5391845703125,2.5851949055989585,0.0,9.100598335266113,0.22076928615570068,0.010769284330308437,0.1424650701444891,-0.4251576066017151
13335.0,7.5499999999999545,MOHAVE,-95.19152069091797,-9.425806999206543,0.3964776396751404,-148.77430725097656,2.6629405551486545,0.0,9.076666831970215,0.20696429908275604,0.0,0.1458287091802864,-0.4108351469039917
13336.0,7.599999999999909,MOHAVE,-95.3084487915039,-9.496658325195312,0.3963945508003235,-148.3460235595703,2.719175550672743,0.0,9.076666831970215,0.20000000298023224,0.0,0.14855896528507884,-0.4064466953277588
13337.0,7.649999999999977,MOHAVE,-95.417724609375,-9.56393814086914,0.39640241861343384,-147.9444580078125,2.755735715230306,0.0,9.053980827331543,0.20000000298023224,0.0,0.15044063839803112,-0.40567660331726074
13338.0,7.699999999999932,MOHAVE,-95.53890991210938,-9.639806747436523,0.3964453935623169,-147.49830627441406,2.808274163140191,0.0,9.012778282165527,0.1899999976158142,0.0,0.15281739315762916,-0.4068339169025421
13339.0,7.75,MOHAVE,-95.66064453125,-9.717326164245605,0.39649122953414917,-147.04962158203125,2.8428636656867132,0.0,8.967053413391113,0.1890697479248047,0.0,0.15400571228077933,-0.4087636172771454
13340.0,7.7999999999999545,MOHAVE,-95.78612518310547,-9.798686981201172,0.3965318202972412,-146.58761596679688,2.8922912809583874,0.0,8.94444465637207,0.1899999976158142,0.0,0.15576967367355013,-0.4108559489250183
13341.0,7.849999999999909,MOHAVE,-95.90908813476562,-9.879766464233398,0.39656442403793335,-146.13409423828125,2.940495808919271,0.0,8.86068344116211,0.1899999976158142,0.0,0.1569002354905592,-0.4126560389995575
13342.0,7.899999999999977,MOHAVE,-96.021240234375,-9.954978942871094,0.39658522605895996,-145.72198486328125,2.9725254906548395,0.0,8.66185188293457,0.1899999976158142,0.0,0.15807508900544764,-0.41383418440818787
13343.0,7.949999999999932,MOHAVE,-96.14900207519531,-10.042093276977539,0.39659959077835083,-145.25718688964844,3.005024856991238,0.0,8.451852798461914,0.1899999976158142,0.0,0.15648156992244192,-0.4146380126476288
13344.0,8.0,MOHAVE,-96.28085327148438,-10.133676528930664,0.39660799503326416,-144.78863525390625,3.052244186401367,0.0,8.399999618530273,0.1899999976158142,0.0,0.15476862470930297,-0.4150037467479706
13345.0,8.049999999999955,MOHAVE,-96.41230773925781,-10.226479530334473,0.39662373065948486,-144.32395935058594,3.0986894501580133,0.0,8.244444847106934,0.1899999976158142,0.0,0.15407337321722414,-0.41547951102256775
13346.0,8.099999999999909,MOHAVE,-96.54182434082031,-10.319489479064941,0.39663612842559814,-143.87136840820312,3.129839367336697,0.0,8.164073944091797,0.1899999976158142,0.0,0.1546504635806875,-0.4158305525779724
13347.0,8.149999999999977,MOHAVE,-96.672119140625,-10.414604187011719,0.39664870500564575,-143.4182586669922,3.1751860512627497,0.0,8.14333438873291,0.18000000715255737,0.0,0.15524443172755925,-0.4162202775478363
13348.0,8.199999999999932,MOHAVE,-96.79435729980469,-10.505243301391602,0.39666512608528137,-142.9927215576172,3.205285867055257,0.0,8.139443397521973,0.18000000715255737,0.0,0.15622958494904998,-0.4167800843715668
13349.0,8.25,MOHAVE,-96.9271011352539,-10.60525894165039,0.39668750762939453,-142.5290069580078,3.24875725640191,0.0,8.108333587646484,0.18000000715255737,0.0,0.15781106987287993,-0.4176054894924164
13350.0,8.299999999999955,MOHAVE,-97.05870056152344,-10.706075668334961,0.3967081904411316,-142.06808471679688,3.277967770894368,0.0,8.018889427185059,0.18000000715255737,0.0,0.15895531367998927,-0.4184311628341675
13351.0,8.349999999999909,MOHAVE,-97.19286346435547,-10.810640335083008,0.39672279357910156,-141.59945678710938,3.320511182149251,0.0,7.908888816833496,0.18000000715255737,0.0,0.15928794250014017,-0.4190751612186432
13352.0,8.399999999999977,MOHAVE,-97.31175231933594,-10.904788970947266,0.39673173427581787,-141.18600463867188,3.3492387665642633,0.0,7.825672626495361,0.18000000715255737,0.0,0.15858508435419783,-0.419491171836853
13353.0,8.449999999999932,MOHAVE,-97.44640350341797,-11.013126373291016,0.39673957228660583,-140.72132873535156,3.3912099732293024,0.0,7.785555362701416,0.18000000715255737,0.0,0.1581331459172114,-0.4198343753814697
13354.0,8.5,MOHAVE,-97.58545684814453,-11.126873016357422,0.39675071835517883,-140.24200439453125,3.419461515214708,0.0,7.793333530426025,0.17000000178813934,0.0,0.1590660013127957,-0.4202476739883423
13355.0,8.549999999999955,MOHAVE,-97.70744323730469,-11.228225708007812,0.39676764607429504,-139.81912231445312,3.4593823220994735,0.0,7.803333759307861,0.17000000178813934,0.0,0.1610121062793711,-0.4208425283432007
13356.0,8.599999999999909,MOHAVE,-97.84400177001953,-11.34349536895752,0.3967909812927246,-139.34234619140625,3.4862979253133135,0.0,7.818611145019531,0.16374996304512024,0.0,0.16239558517615363,-0.4216981530189514
13357.0,8.649999999999977,MOHAVE,-97.98380279541016,-11.463531494140625,0.39681726694107056,-138.849853515625,3.5246139102511935,0.0,7.8542585372924805,0.17000000178813934,0.0,0.16446557706768816,-0.42270445823669434
13358.0,8.699999999999932,MOHAVE,-98.1177978515625,-11.580523490905762,0.3968404531478882,-138.37290954589844,3.5503681500752764,0.0,7.853888988494873,0.1599999964237213,0.0,0.16636669125659803,-0.4236392080783844
13359.0,8.75,MOHAVE,-98.25623321533203,-11.703514099121094,0.3968617916107178,-137.875732421875,3.5871709717644586,0.0,7.816666126251221,0.1549999713897705,0.0,0.16808224969655666,-0.4245188236236572
13360.0,8.799999999999955,MOHAVE,-98.39257049560547,-11.826743125915527,0.3968833386898041,-137.3837890625,3.622857994503445,0.0,7.793333530426025,0.15000000596046448,0.0,0.1686594732180745,-0.4253881275653839
13361.0,8.849999999999909,MOHAVE,-98.53168487548828,-11.954766273498535,0.3969103693962097,-136.8799591064453,3.6465390523274737,0.0,7.71750020980835,0.11999999731779099,0.0,0.16949933435734463,-0.4264256954193115
13362.0,8.899999999999977,MOHAVE,-98.6579818725586,-12.072908401489258,0.396945983171463,-136.42236328125,3.6688311894734698,0.0,7.640370845794678,0.12166661024093628,0.0,0.16901941608415552,-0.427746057510376
13363.0,8.949999999999932,MOHAVE,-98.79545593261719,-12.20378589630127,0.39699462056159973,-135.92620849609375,3.69936466217041,0.0,7.504231929779053,0.1295744776725769,0.0,0.16844806816179267,-0.4295775890350342
13364.0,9.0,MOHAVE,-98.93321228027344,-12.33718490600586,0.39703577756881714,-135.43197631835938,3.7287958463033037,0.0,7.458888530731201,0.1250000298023224,0.0,0.16617243029983358,-0.4312366843223572
13365.0,9.049999999999955,MOHAVE,-99.06184387207031,-12.463861465454102,0.3970673084259033,-134.97171020507812,3.7480547693040633,0.0,7.3519439697265625,0.11999999731779099,0.0,0.16657250367459073,-0.4325588643550873
13366.0,9.099999999999909,MOHAVE,-99.19974517822266,-12.601892471313477,0.39709556102752686,-134.48004150390625,3.775265746646457,0.0,7.274555683135986,0.10999999940395355,0.0,0.16419967707760058,-0.43374234437942505
13367.0,9.149999999999977,MOHAVE,-99.33390808105469,-12.738525390625,0.3971251845359802,-134.00396728515625,3.793003824022081,0.0,7.216932773590088,0.11999999731779099,0.0,0.16429510146840948,-0.4349031448364258
13368.0,9.199999999999932,MOHAVE,-99.4581298828125,-12.8670072555542,0.3971779942512512,-133.5631561279297,3.8127732276916504,0.0,7.203000068664551,0.11999999731779099,0.008999928832054138,0.1634696546885394,-0.43677595257759094
13369.0,9.25,MOHAVE,-99.59298706054688,-13.008794784545898,0.39726847410202026,-133.08273315429688,3.827438884311252,0.0,7.1949310302734375,0.10937495529651642,0.0,0.16399732676902498,-0.44011417031288147
13370.0,9.299999999999955,MOHAVE,-99.729248046875,-13.154417037963867,0.39725542068481445,-132.5933380126953,3.8508815235561795,0.0,7.210000038146973,0.10000000149011612,0.0,0.16511365731895894,-0.44014421105384827
13371.0,9.349999999999909,MOHAVE,-99.86288452148438,-13.299699783325195,0.3972412943840027,-132.1083221435547,3.866420057084825,0.0,7.210000038146973,0.10000000149011612,0.0,0.16580900867957865,-0.43978580832481384
13372.0,9.399999999999977,MOHAVE,-99.98163604736328,-13.430871963500977,0.39724820852279663,-131.67355346679688,3.8873468505011664,0.0,7.202451229095459,0.10000000149011612,0.0,0.16670612778228547,-0.43993133306503296
13373.0,9.449999999999932,MOHAVE,-100.126953125,-13.594221115112305,0.39727020263671875,-131.13681030273438,3.9019807179768877,0.0,7.151666641235352,0.09000000357627869,0.0,0.16707512539607275,-0.4405490458011627
13374.0,9.5,MOHAVE,-100.24724578857422,-13.731816291809082,0.39729151129722595,-130.69073486328125,3.9212714301215277,0.0,7.107592582702637,0.08916661143302917,0.0,0.16679412861155576,-0.44124338030815125
13375.0,9.549999999999955,MOHAVE,-100.38825988769531,-13.895867347717285,0.39731815457344055,-130.16555786132812,3.934631612565782,0.0,7.0835442543029785,0.07999999821186066,0.0,0.16632163389990526,-0.442221075296402
13376.0,9.599999999999909,MOHAVE,-100.50849151611328,-14.038225173950195,0.3973427712917328,-129.71575927734375,3.9517879486083984,0.0,7.066888809204102,0.07999999821186066,0.0,0.1663518940677913,-0.4431827962398529
13377.0,9.649999999999977,MOHAVE,-100.637939453125,-14.19399642944336,0.39736995100975037,-129.22793579101562,3.963470458984375,0.0,7.014259338378906,0.07999999821186066,0.0,0.16646469558471297,-0.44428566098213196
13378.0,9.699999999999932,MOHAVE,-100.7647476196289,-14.349295616149902,0.3973916172981262,-128.74826049804688,3.97918701171875,0.0,6.9766669273376465,0.07999999821186066,0.0,0.165894246479218,-0.44521090388298035
13379.0,9.75,MOHAVE,-100.89448547363281,-14.510902404785156,0.39741095900535583,-128.2549285888672,3.990030288696289,0.0,6.938889026641846,0.06142854318022728,0.0,0.16547265143390164,-0.4460305869579315
13380.0,9.799999999999955,MOHAVE,-101.02452087402344,-14.675861358642578,0.3974348306655884,-127.75840759277344,4.0038575066460504,0.0,6.936222076416016,0.05999999865889549,0.0,0.16502281023627363,-0.44695723056793213
13381.0,9.849999999999909,MOHAVE,-101.14749908447266,-14.834526062011719,0.39746344089508057,-127.28469848632812,4.016134209103054,0.0,6.890624523162842,0.053124964237213135,0.0,0.1646840062113451,-0.448032021522522
13382.0,9.899999999999977,MOHAVE,-101.26187133789062,-14.98462963104248,0.3974904417991638,-126.84185791015625,4.024143218994141,0.0,6.867777347564697,0.05000000074505806,0.0,0.1646415953709856,-0.44906628131866455
13383.0,9.949999999999932,MOHAVE,-101.38557434082031,-15.149630546569824,0.39751997590065,-126.3594970703125,4.034137990739611,0.0,6.875555992126465,0.03999999910593033,0.0,0.16459970051808728,-0.4502149224281311
13384.0,10.0,MOHAVE,-101.50926971435547,-15.317636489868164,0.39755183458328247,-125.87179565429688,4.040754636128743,0.0,6.876527786254883,0.03999999910593033,0.0,0.1648805974340634,-0.45145687460899353
13385.0,10.049999999999955,MOHAVE,-101.63333129882812,-15.489118576049805,0.39758238196372986,-125.376953125,4.048553307851155,0.0,6.891111373901367,0.03999999910593033,0.0,0.1654063720122723,-0.452670693397522
13386.0,10.099999999999909,MOHAVE,-101.75234985351562,-15.656633377075195,0.3976079523563385,-124.89579772949219,4.053976535797119,0.0,6.898889064788818,0.03999999910593033,0.0,0.16569902012655838,-0.4537097215652466
13387.0,10.149999999999977,MOHAVE,-101.8602523803711,-15.811080932617188,0.3976271450519562,-124.45408630371094,4.060096740722656,0.0,6.883333683013916,0.029999999329447746,0.0,0.16623539741485713,-0.45449894666671753
13388.0,10.199999999999932,MOHAVE,-101.9834213256836,-15.990625381469727,0.39764663577079773,-123.94404602050781,4.064747757381863,0.0,6.875749588012695,0.020250016823410988,0.0,0.1660048175987267,-0.45527827739715576
13389.0,10.25,MOHAVE,-102.09644317626953,-16.15843963623047,0.39767447113990784,-123.47129821777344,4.0679958131578235,0.0,6.83977746963501,0.009999999776482582,0.0,0.1653082678156165,-0.4562905728816986
13390.0,10.299999999999955,MOHAVE,-102.21308898925781,-16.33482551574707,0.3977382779121399,-122.97956848144531,4.0685571564568415,0.0,6.791110992431641,0.019999999552965164,0.0,0.16501006035255486,-0.45855677127838135
13391.0,10.349999999999909,MOHAVE,-102.32611083984375,-16.509004592895508,0.3977888226509094,-122.49972534179688,4.068219131893581,0.0,6.714815139770508,0.019999999552965164,0.0,0.16383695453713176,-0.4605610966682434
13392.0,10.399999999999977,MOHAVE,-102.43569946289062,-16.68093490600586,0.3978081941604614,-122.03250122070312,4.068903393215603,0.0,6.611111164093018,0.019999999552965164,0.0,0.16216607062445926,-0.46155333518981934
13393.0,10.449999999999932,MOHAVE,-102.53784942626953,-16.84413719177246,0.397808700799942,-121.59854125976562,4.068504174550374,0.0,6.454259395599365,0.008333353325724602,0.0,0.15950538960314514,-0.4617716073989868
13394.0,10.5,MOHAVE,-102.64822387695312,-17.02362632751465,0.39782699942588806,-121.13162231445312,4.067649841308594,0.0,6.268889427185059,0.0,0.0,0.1559995710546512,-0.46242451667785645
13395.0,10.549999999999955,MOHAVE,-102.74740600585938,-17.187862396240234,0.3978661000728607,-120.7200927734375,4.062597751617432,0.0,6.023697376251221,0.0,0.0,0.1510133844799663,-0.46374455094337463
13396.0,10.599999999999909,MOHAVE,-102.85369873046875,-17.366893768310547,0.3979199230670929,-120.28620910644531,4.058769014146593,0.0,5.928610801696777,0.0,0.0,0.14542763712012047,-0.46567946672439575
13397.0,10.649999999999977,MOHAVE,-102.95869445800781,-17.546804428100586,0.3979755938053131,-119.86529541015625,4.049510955810547,0.0,5.639537334442139,0.0,0.0,0.14210293017050873,-0.4678100645542145
13398.0,10.699999999999932,MOHAVE,-103.06298065185547,-17.72852897644043,0.39802229404449463,-119.45610046386719,4.043257236480713,0.0,5.349945068359375,0.0,0.0,0.1356528538788777,-0.46973633766174316
13399.0,10.75,MOHAVE,-103.15433502197266,-17.89044189453125,0.3980528712272644,-119.11466979980469,4.031340546078152,0.0,5.132684707641602,0.0,0.0,0.12776345553135654,-0.4710654020309448
13400.0,10.799999999999955,MOHAVE,-103.26335906982422,-18.08649444580078,0.3980903625488281,-118.71731567382812,4.0180714925130205,0.0,5.067999839782715,0.0,0.0,0.12100923792086003,-0.47261184453964233
13401.0,10.849999999999909,MOHAVE,-103.36306762695312,-18.2685546875,0.39812517166137695,-118.3602294921875,4.008426666259766,0.0,4.876667022705078,0.0,0.0,0.12001176757932767,-0.47397634387016296
13402.0,10.899999999999977,MOHAVE,-103.45333099365234,-18.4356689453125,0.3981511890888214,-118.04244995117188,3.9985111024644637,0.0,4.656944274902344,0.0,0.0,0.1156752924420812,-0.47500187158584595
13403.0,10.949999999999932,MOHAVE,-103.5496826171875,-18.616756439208984,0.39817118644714355,-117.71615600585938,3.982435862223307,0.0,4.503333568572998,0.0,0.0,0.10969388256803368,-0.4757993519306183
13404.0,11.0,MOHAVE,-103.64253234863281,-18.79352378845215,0.3981899619102478,-117.40824890136719,3.965476883782281,0.0,4.446944236755371,0.0,0.0,0.10466199781351868,-0.476509153842926
13405.0,11.049999999999955,MOHAVE,-103.70890808105469,-18.92131805419922,0.3982032835483551,-117.19091796875,3.959907955593533,0.0,4.2894439697265625,0.0,0.0,0.10410250928038506,-0.4769986569881439
13406.0,11.099999999999909,MOHAVE,-103.81375885009766,-19.125572204589844,0.3982227146625519,-116.84782409667969,3.942025237613254,0.0,4.145555019378662,0.0,0.0,0.10100606020332834,-0.4777253568172455
13407.0,11.149999999999977,MOHAVE,-103.87313842773438,-19.242656707763672,0.3982307016849518,-116.6566162109375,3.929670651753743,0.0,4.145555019378662,0.0,0.0,0.09958430668825433,-0.4780399203300476
13408.0,11.199999999999932,MOHAVE,-103.9996109008789,-19.49532699584961,0.39824172854423523,-116.25936889648438,3.904986646440294,0.0,3.896667242050171,0.0,0.0,0.09266682898055756,-0.4784858226776123
13409.0,11.25,MOHAVE,-104.08894348144531,-19.676576614379883,0.39824771881103516,-115.98880004882812,3.892630206214057,0.0,3.7359256744384766,0.0,0.0,0.08979331145387569,-0.47871509194374084
13410.0,11.299999999999955,MOHAVE,-104.17488861083984,-19.85301399230957,0.3983319401741028,-115.73817443847656,3.8612789577907987,0.0,3.5246291160583496,0.0,0.02111123502254486,0.08193972430063767,-0.4814754128456116
13411.0,11.349999999999909,MOHAVE,-104.261962890625,-20.033889770507812,0.39860931038856506,-115.4969482421875,3.8284312354193792,0.0,3.2894446849823,0.0,0.04785711690783501,0.07961549207116306,-0.4911480247974396
13412.0,11.399999999999977,MOHAVE,-104.32786560058594,-20.172100067138672,0.39891985058784485,-115.32331848144531,3.788539833492703,0.0,3.151413679122925,0.0,0.06636369973421097,0.07389572945183741,-0.5026320815086365
13413.0,11.449999999999932,MOHAVE,-104.38143920898438,-20.285213470458984,0.399193674325943,-115.18431091308594,3.737803830040826,0.0,3.151413679122925,0.0,0.06636369973421097,0.07230084549877301,-0.5132490992546082
13414.0,11.5,MOHAVE,-104.43429565429688,-20.397462844848633,0.3994344174861908,-115.04957580566406,3.6757686403062606,0.0,3.0404038429260254,0.0,0.10681821405887604,0.06835260931418967,-0.5231452584266663
13415.0,11.549999999999955,MOHAVE,-104.5756607055664,-20.701236724853516,0.4004162549972534,-114.70602416992188,3.5166581471761065,0.0,2.831111192703247,0.0,0.15000000596046448,0.061009737395433986,-0.5619738101959229
13416.0,11.599999999999909,MOHAVE,-104.64967346191406,-20.862281799316406,0.4009811282157898,-114.53575134277344,3.3723762300279403,0.0,2.8233327865600586,0.0,0.15200009942054749,0.05598880489090194,-0.5846777558326721
13417.0,11.649999999999977,MOHAVE,-104.7198257446289,-21.015949249267578,0.4013908803462982,-114.37551879882812,3.2646658685472274,0.0,2.6800003051757812,0.0,0.1914285123348236,0.053930193851838296,-0.6019455194473267
13418.0,11.699999999999932,MOHAVE,-104.78152465820312,-21.152198791503906,0.4018764793872833,-114.23980712890625,3.0728581216600204,0.0,2.6165740489959717,0.0,0.24166668951511383,0.0480647355149393,-0.6208494901657104
13419.0,11.75,MOHAVE,-104.84370422363281,-21.290420532226562,0.4028379023075104,-114.10604858398438,2.8995203971862793,0.0,2.613333225250244,0.0,0.3350001275539398,0.04426396771452988,-0.6556480526924133
13420.0,11.799999999999955,MOHAVE,-104.89533996582031,-21.40585708618164,0.40407589077949524,-113.99589538574219,2.598967022365994,0.0,2.613333225250244,0.0,0.3483333885669708,0.03945648341017848,-0.701453685760498
13421.0,11.849999999999909,MOHAVE,-104.95294189453125,-21.535398483276367,0.4052792191505432,-113.872802734375,2.3752673467000327,0.0,2.590555429458618,0.0,0.4185715317726135,0.035949087770976516,-0.7501805424690247
13422.0,11.899999999999977,MOHAVE,-104.99761962890625,-21.636451721191406,0.4062497317790985,-113.77799987792969,2.007367081112332,0.0,2.5511109828948975,0.0,0.44999998807907104,0.029933660175192427,-0.7905837297439575
13423.0,11.949999999999932,MOHAVE,-105.03504943847656,-21.721538543701172,0.4070042669773102,-113.69984436035156,1.6167243321736653,0.0,2.4355554580688477,0.0,0.46000000834465027,0.022681683192797914,-0.8227541446685791
13424.0,12.0,MOHAVE,-105.06565856933594,-21.791458129882812,0.4075024724006653,-113.63920593261719,1.3468250963422987,0.0,2.3006670475006104,0.0,0.48149996995925903,0.018413339206376243,-0.844487190246582
13425.0,12.049999999999955,MOHAVE,-105.08744049072266,-21.841415405273438,0.40793466567993164,-113.59854125976562,1.0641621218787298,0.0,2.053333282470703,0.0,0.5099999904632568,0.013480726902385852,-0.8615549802780151
13426.0,12.099999999999909,MOHAVE,-105.10466003417969,-21.8810977935791,0.4084669351577759,-113.57072448730469,0.6196566422780355,0.0,1.9237034320831299,0.006666719447821379,0.5466667413711548,0.006454976612066513,-0.8810586333274841
13427.0,12.149999999999977,MOHAVE,-105.11328887939453,-21.901090621948242,0.4090964198112488,-113.55918884277344,0.15874374243948194,0.0,1.897777795791626,0.009999999776482582,0.5799999833106995,0.0003068286018491973,-0.9035117626190186
13428.0,12.199999999999932,MOHAVE,-105.11529541015625,-21.90586280822754,0.40769997239112854,-113.55886840820312,0.039457231760025024,0.0,1.9072222709655762,0.009999999776482582,0.5821428894996643,-0.00018332785475370963,-0.8598990440368652
13429.0,12.25,MOHAVE,-105.11550903320312,-21.906272888183594,0.4036971926689148,-113.55889892578125,0.011584252739946047,0.0,1.9104167222976685,0.0,0.6000000238418579,-3.0723378164719716e-07,-0.7193231582641602
13430.0,12.299999999999955,MOHAVE,-105.11526489257812,-21.90560531616211,0.40053755044937134,-113.558837890625,0.016657160595059395,0.0,1.9100927114486694,0.0,0.6200000047683716,1.4994053133926316e-06,-0.5922166109085083
13431.0,12.349999999999909,MOHAVE,-105.11497497558594,-21.904855728149414,0.39866405725479126,-113.55880737304688,0.014222907937235301,0.0,1.892777919769287,0.0,0.6299999952316284,-7.5990479594208e-07,-0.5017382502555847
13432.0,12.399999999999977,MOHAVE,-105.11479187011719,-21.90436553955078,0.3979983925819397,-113.55879211425781,0.007519458110133806,0.0,1.8744443655014038,0.0,0.6399999856948853,-7.341720415298874e-07,-0.4584748446941376
13433.0,12.449999999999932,MOHAVE,-105.11470031738281,-21.90411949157715,0.3978528380393982,-113.55879211425781,0.0025079272583954865,0.0,1.8270001411437988,0.0,0.6499999761581421,-3.192544490229099e-08,-0.4441163241863251
13434.0,12.5,MOHAVE,-105.11467742919922,-21.904043197631836,0.3978572487831116,-113.55877685546875,0.0006131909321993589,0.0,1.7897531986236572,0.0,0.6499999761581421,1.3961655963773568e-08,-0.4449566602706909
13435.0,12.549999999999955,MOHAVE,-105.11466979980469,-21.90404510498047,0.3978571891784668,-113.55877685546875,0.0006143020517710182,0.0,1.7811111211776733,0.0,0.6600000262260437,5.3519078490788885e-08,-0.4502032399177551
13436.0,12.599999999999909,MOHAVE,-105.11469268798828,-21.90407943725586,0.3978317379951477,-113.55877685546875,0.0007779036726181705,0.0,1.7811111211776733,0.0,0.6600000262260437,6.587404352149948e-09,-0.4563750922679901
13437.0,12.649999999999977,MOHAVE,-105.11470794677734,-21.90411376953125,0.3978012502193451,-113.55877685546875,0.0005974909031970634,0.0,1.7811111211776733,0.0,0.6440001130104065,-2.4116054133628837e-08,-0.4606749713420868
13438.0,12.699999999999932,MOHAVE,-105.11471557617188,-21.904138565063477,0.3977830708026886,-113.55877685546875,0.0003899673012913101,0.0,1.7888888120651245,0.0,0.60999995470047,-3.021448276083428e-08,-0.462828129529953
13439.0,12.75,MOHAVE,-105.11471557617188,-21.90414810180664,0.3977797329425812,-113.55877685546875,0.00020054898211835986,0.0,1.7892423868179321,0.0,0.5899999737739563,-6.146756533113852e-09,-0.4634455740451813
13440.0,12.799999999999955,MOHAVE,-105.11471557617188,-21.90415382385254,0.39778873324394226,-113.55877685546875,8.456172508886084e-06,0.0,1.8028889894485474,0.0,0.5659996867179871,-1.455508842071262e-08,-0.4631766378879547
13441.0,12.849999999999909,MOHAVE,-105.11471557617188,-21.904151916503906,0.39779946208000183,-113.55877685546875,6.996063651361813e-05,0.0,1.804444432258606,0.0,0.550000011920929,1.6154507225465437e-08,-0.4626466631889343
13442.0,12.899999999999977,MOHAVE,-105.11471557617188,-21.90414810180664,0.3978108763694763,-113.55877685546875,7.348692937133212e-05,0.0,1.7966666221618652,0.0,0.550000011920929,2.1465114346266705e-08,-0.4620240330696106
13443.0,12.949999999999932,MOHAVE,-105.11471557617188,-21.904144287109375,0.39781635999679565,-113.55877685546875,5.5982915606970586e-05,0.0,1.7811111211776733,0.0,0.5600000023841858,5.723009343652053e-10,-0.4616946578025818
13444.0,13.0,MOHAVE,-105.11471557617188,-21.90414047241211,0.39781877398490906,-113.55877685546875,3.43636202160269e-05,0.0,1.7811111211776733,0.0,0.5600000023841858,-5.384461015564811e-10,-0.4615156352519989
13445.0,13.049999999999955,MOHAVE,-105.11471557617188,-21.90414047241211,0.39781832695007324,-113.55877685546875,7.3922946184110415e-06,0.0,1.7811111211776733,0.0,0.550000011920929,1.1120149458780826e-09,-0.46149346232414246
13446.0,13.099999999999909,MOHAVE,-105.11471557617188,-21.90414047241211,0.39781662821769714,-113.55877685546875,3.492200448818039e-06,0.0,1.7811111211776733,0.0,0.550000011920929,-1.087060161371459e-08,-0.4615498185157776
13447.0,13.149999999999977,MOHAVE,-105.11471557617188,-21.90414047241211,0.397815078496933,-113.55877685546875,9.859897747648776e-06,0.0,1.7733333110809326,0.0,0.5600000023841858,4.908521981964322e-10,-0.46162015199661255
13448.0,13.199999999999932,MOHAVE,-105.11471557617188,-21.90414047241211,0.39781367778778076,-113.55877685546875,6.3155974001145096e-06,0.0,1.7733333110809326,0.0,0.5600000023841858,7.337415007786767e-10,-0.4616929292678833
13449.0,13.25,MOHAVE,-105.11471557617188,-21.90414047241211,0.3978131413459778,-113.55877685546875,3.2456639726458684e-06,0.0,1.7811111211776733,0.0,0.5600000023841858,7.601817142228698e-10,-0.4617270827293396
13450.0,13.299999999999955,MOHAVE,-105.11470794677734,-21.90414047241211,0.39781296253204346,-113.55877685546875,7.714169846116823e-08,0.0,1.7811111211776733,0.0,0.550000011920929,7.715943299811093e-10,-0.4617402255535126
13451.0,13.349999999999909,MOHAVE,-105.11471557617188,-21.90414047241211,0.397813081741333,-113.55877685546875,1.113328506916231e-06,0.0,1.7811111211776733,0.0,0.5299999713897705,4.268923167487362e-10,-0.461736261844635
13452.0,13.399999999999977,MOHAVE,-105.11471557617188,-21.90414047241211,0.3978133797645569,-113.55877685546875,1.5055982455831124e-06,0.0,1.7811111211776733,0.0,0.5350000262260437,-1.1803003190698122e-11,-0.46172598004341125
13453.0,13.449999999999932,MOHAVE,-105.11471557617188,-21.90414047241211,0.3978135883808136,-113.55877685546875,1.1621810042722952e-06,0.0,1.7811111211776733,0.0,0.5416666269302368,-2.7765789493089587e-10,-0.46171560883522034
13454.0,13.5,MOHAVE,-105.11471557617188,-21.90414047241211,0.39781367778778076,-113.55877685546875,5.45413930315893e-07,0.0,1.7888888120651245,0.0,0.531000018119812,-1.8948975684825247e-10,-0.461709201335907
13455.0,13.549999999999955,MOHAVE,-105.11471557617188,-21.90414047241211,0.3978137671947479,-113.55877685546875,2.9674693122514225e-07,0.0,1.7888888120651245,0.0,0.5278333425521851,-9.556773636017643e-11,-0.4617060720920563
13456.0,13.599999999999909,MOHAVE,-105.11471557617188,-21.90414047241211,0.39781373739242554,-113.55877685546875,1.0222574391920918e-07,0.0,1.7888888120651245,0.0,0.5199999809265137,-5.337981602452159e-11,-0.4617058038711548
13457.0,13.649999999999977,MOHAVE,-105.11471557617188,-21.90414047241211,0.39781370759010315,-113.55877685546875,2.770876032324547e-07,0.0,1.7966666221618652,0.0,0.5,5.193534628934685e-11,-0.4617072343826294
13458.0,13.699999999999932,MOHAVE,-105.11471557617188,-21.90414047241211,0.39781367778778076,-113.55877685546875,2.771960478437702e-07,0.0,1.7966666221618652,0.0,0.48352938890457153,1.7009860314672368e-10,-0.46170884370803833
13459.0,13.75,MOHAVE,-105.11471557617188,-21.90414047241211,0.39781367778778076,-113.55877685546875,1.9788469924403924e-07,0.0,1.7966666221618652,0.0,0.46000000834465027,-9.103385222420557e-12,-0.46171000599861145
13460.0,13.799999999999955,MOHAVE,-105.11471557617188,-21.90414047241211,0.3978136479854584,-113.55877685546875,3.327751506453246e-08,0.0,1.7966666221618652,0.0,0.44999998807907104,-1.3561197008745132e-10,-0.4617100656032562
13461.0,13.849999999999909,MOHAVE,-105.11471557617188,-21.90414047241211,0.3978136479854584,-113.55877685546875,3.134307036134487e-08,0.0,1.7888888120651245,0.0,0.4399999976158142,-3.6024073866966256e-11,-0.46171045303344727
13462.0,13.899999999999977,MOHAVE,-105.11471557617188,-21.90414047241211,0.3978136479854584,-113.55877685546875,7.190114577800462e-08,0.0,1.7888888120651245,0.0,0.4399999976158142,-5.722045141782826e-11,-0.4617106020450592
13463.0,13.949999999999932,MOHAVE,-105.11471557617188,-21.90414047241211,0.39781367778778076,-113.55877685546875,1.074684124407415e-07,0.0,1.7888888120651245,0.0,0.43071433901786804,1.8823741441158582e-11,-0.46170979738235474
13464.0,14.0,MOHAVE,-105.11471557617188,-21.90414047241211,0.39781367778778076,-113.55877685546875,7.530974856074913e-09,0.0,1.7888888120651245,0.0,0.4300000071525574,1.5145396181523314e-10,-0.4617099463939667
13465.0,14.049999999999955,MOHAVE,-105.11471557617188,-21.90414047241211,0.39781367778778076,-113.55877685546875,1.048847527348092e-07,0.0,1.7888888120651245,0.0,0.41999998688697815,-1.1496241668429766e-10,-0.4617099463939667
13466.0,14.099999999999909,MOHAVE,-105.11471557617188,-21.90414047241211,0.39781367778778076,-113.55877685546875,1.046791374569188e-07,0.0,1.7966666221618652,0.0,0.41999998688697815,-8.102851874098539e-12,-0.46170973777770996
13467.0,14.149999999999977,MOHAVE,-105.11470794677734,-21.90414047241211,0.39781367778778076,-113.55877685546875,8.991699631779839e-08,0.0,1.7966666221618652,0.0,0.4099999964237213,-2.2444712814165386e-11,-0.4617099165916443
13468.0,14.199999999999932,MOHAVE,-105.11471557617188,-21.90414047241211,0.39781367778778076,-113.55877685546875,8.307412239598004e-08,0.0,1.801111102104187,0.0,0.4099999964237213,9.886234594011984e-11,-0.4617098569869995
13469.0,14.25,MOHAVE,-105.11471557617188,-21.90414047241211,0.3978136479854584,-113.55877685546875,1.5392973611799081e-07,0.0,1.804444432258606,0.0,0.4099999964237213,-2.9161119036536825e-11,-0.4617101848125458
13470.0,14.299999999999955,MOHAVE,-105.11471557617188,-21.90414047241211,0.3978136479854584,-113.55877685546875,6.054772485855311e-09,0.0,1.8122221231460571,0.0,0.41999998688697815,-1.867461108377279e-12,-0.4617103338241577
13471.0,14.349999999999909,MOHAVE,-105.11471557617188,-21.90414047241211,0.39781367778778076,-113.55877685546875,9.053930543561566e-08,0.0,1.8122221231460571,0.0,0.41999998688697815,-1.6679103419760544e-11,-0.46171045303344727
13472.0,14.399999999999977,MOHAVE,-105.11471557617188,-21.90414047241211,0.3978136479854584,-113.55877685546875,5.340682760232893e-08,0.0,1.8122221231460571,0.0,0.4259999990463257,-1.3696065907826127e-10,-0.4617097079753876
13473.0,14.449999999999932,MOHAVE,-105.11471557617188,-21.90414047241211,0.39781367778778076,-113.55877685546875,3.5811921329632748e-09,0.0,1.8122221231460571,0.0,0.4300000071525574,1.6723777589646815e-10,-0.46170979738235474
0.0,0.0,MOHAVE,0.0,0.0,0.0,0.0,0.0,0.0,0.0,0.0,0.0,0.0,0.0
